4294967294,0
4294967279,99
4294967279,98
4294967279,144
4294967279,338
4294967279,142
4294967279,97
4294967279,96
4294967279,95
4294967279,94
4294967279,93
4294967279,92
4294967279,91
4294967279,90
4294967279,89
4294967279,87
4294967279,86
4294967279,85
4294967279,84
4294967279,83
4294967279,82
4294967279,81
4294967279,80
4294967279,79
4294967279,78
4294967279,77
4294967279,76
4294967279,336
4294967279,140
4294967294,22
4294967294,17
4294967294,42
4294967294,67
4294967294,99
4294967294,76
4294967294,41
4294967294,1412
4294967294,43
4294967294,416
4294967294,51
4294967294,52
4294967294,473
4294967294,25
4294967294,140
4294967294,26
4294967294,204
4294967294,82
4294967294,1410
4294967294,83
4294967278,81
4294967278,80
4294967278,79
4294967278,71
4294967278,70
4294967278,69
4294967278,68
4294967278,67
4294967278,61
4294967278,60
4294967278,59
4294967278,58
4294967278,57
4294967278,56
4294967278,52
4294967278,48
4294967278,47
4294967278,46
4294967279,75
4294967279,74
4294967279,73
4294967279,72
4294967279,291
4294967279,137
4294967279,334
4294967279,333
0,5
4294967294,7
4294967278,132
4294967278,316
4294967278,131
4294967278,562
4294967278,130
4294967278,129
4294967278,250
4294967278,128
4294967278,127
4294967278,126
4294967278,249
4294967278,125
4294967278,124
4294967278,123
4294967278,558
4294967278,122
4294967278,557
4294967278,121
4294967278,556
4294967278,120
4294967278,555
4294967278,119
4294967278,118
4294967278,308
4294967278,117
4294967278,116
4294967278,115
4294967278,114
4294967278,113
4294967278,306
4294967278,112
4294967278,111
4294967278,110
4294967278,109
4294967278,108
4294967278,107
4294967278,106
4294967278,221
4294967278,105
4294967278,104
4294967278,103
4294967278,102
4294967278,101
4294967278,554
4294967278,100
4294967278,553
4294967278,99
4294967278,552
4294967278,98
4294967278,97
4294967278,304
4294967278,96
4294967278,95
4294967278,549
4294967278,94
4294967278,93
4294967278,92
4294967278,91
4294967278,90
4294967278,303
4294967278,89
4294967278,87
4294967278,86
4294967278,543
4294967278,85
4294967278,84
4294967278,83
4294967278,82
4294967278,78
4294967278,77
4294967278,76
4294967278,75
4294967278,74
4294967278,73
4294967278,72
4294967278,66
4294967278,65
4294967278,64
4294967278,63
4294967278,62
4294967278,574
4294967278,0
4294967278,292
4294967278,55
4294967278,54
4294967278,53
4294967278,51
4294967278,50
4294967278,49
4294967279,71
4294967279,70
4294967279,301
4294967279,69
4294967279,68
4294967279,67
4294967279,66
4294967279,65
4294967279,300
4294967279,64
4294967279,360
4294967279,63
4294967279,62
4294967279,358
4294967279,61
4294967279,60
4294967279,59
4294967279,58
4294967279,297
4294967279,57
4294967279,56
4294967279,55
4294967279,54
4294967279,53
4294967279,353
4294967279,52
4294967279,51
4294967279,351
4294967279,50
4294967279,49
4294967279,48
4294967279,47
4294967279,46
4294967279,156
4294967279,45
4294967279,44
4294967279,346
4294967279,43
4294967279,345
4294967279,42
4294967279,41
4294967279,40
4294967279,39
4294967279,342
4294967279,38
4294967279,341
4294967279,37
4294967279,293
4294967279,36
4294967279,35
4294967279,324
4294967279,34
4294967279,33
4294967279,32
4294967279,337
4294967279,31
4294967279,30
4294967279,292
4294967279,29
4294967279,28
4294967279,27
4294967279,26
4294967279,25
4294967279,24
4294967279,290
4294967279,22
4294967279,323
4294967279,21
4294967279,282
4294967279,20
4294967279,271
4294967279,19
4294967279,269
4294967279,18
4294967279,268
4294967279,17
4294967279,281
4294967279,16
4294967279,287
4294967279,15
4294967279,331
4294967279,14
4294967279,279
4294967279,13
4294967279,381
4294967279,12
4294967279,330
4294967279,11
4294967279,278
4294967279,10
4294967279,262
4294967279,9
4294967279,329
4294967279,8
4294967279,0
4294967279,23
4294967279,260
4294967279,286
4294967279,7
4294967279,6
4294967279,284
4294967279,5
4294967279,4
4294967279,332
4294967294,6
4294967294,5
33,373
33,372
33,371
33,370
33,369
33,368
33,367
33,366
33,365
33,364
33,363
33,362
33,361
33,360
33,359
33,358
33,357
33,356
33,355
33,354
33,353
33,352
33,351
33,350
33,349
33,348
33,347
33,346
33,345
33,344
33,343
33,342
33,341
33,340
33,339
33,338
33,337
33,336
33,335
33,334
33,333
33,332
33,331
33,330
33,329
33,328
33,327
33,326
33,325
33,324
33,323
33,322
33,321
33,320
33,319
33,318
33,317
33,316
33,315
33,314
33,313
33,312
33,311
33,310
33,309
33,308
33,307
33,306
33,305
33,304
33,303
33,302
33,301
33,300
33,299
33,298
33,297
33,296
33,295
33,294
33,293
33,292
33,291
33,290
33,289
33,288
33,287
33,286
33,285
33,284
33,283
33,282
33,281
33,280
33,279
33,278
33,277
33,276
33,275
33,274
33,273
33,272
33,271
33,270
33,269
33,268
33,267
33,266
33,265
33,264
33,263
33,262
33,261
33,260
33,259
33,258
33,257
33,256
33,255
33,254
33,253
33,252
33,251
33,250
33,249
33,248
33,247
33,246
33,245
33,244
33,243
33,242
33,241
33,240
33,239
33,238
33,237
33,236
33,235
33,234
33,233
33,232
